0 137 230 219 153 184 178 204 222 132 123 228 176 219 120 177 213 149 242 237 123 123 190 242 169 148 174 123 148 176 184 150 150 148 179 157 122 228 192 203 144 249 231 135 163 213 212 241 174 227
207 0 159 196 234 230 185 196 124 151 223 173 142 191 211 207 168 177 186 221 187 171 183 123 125 211 247 197 171 142 185 247 220 190 231 150 186 243 195 179 155 191 244 120 221 226 235 216 225 187
192 175 0 127 233 194 145 185 183 166 164 190 201 199 179 123 149 143 195 231 223 223 226 153 229 207 130 122 121 218 152 134 201 164 129 140 188 141 155 212 179 161 181 123 170 174 144 134 236 186
147 198 226 0 122 122 139 213 140 211 208 190 148 246 223 187 149 204 171 194 161 202 127 158 245 233 159 231 160 242 216 174 152 121 234 124 226 245 194 142 232 246 211 186 169 165 146 207 176 145
133 206 158 184 0 162 233 236 122 146 162 248 221 164 147 207 228 241 164 234 209 182 248 150 214 131 142 238 147 218 198 229 167 164 157 232 198 244 235 137 191 133 125 129 232 222 227 164 199 221
169 194 149 130 154 0 235 193 240 179 156 222 227 121 207 131 134 235 125 151 248 174 135 141 151 216 133 238 169 246 238 158 152 182 133 204 125 121 247 158 197 178 160 128 238 246 246 134 147 200
247 190 209 206 153 190 0 159 152 130 156 247 178 204 203 242 170 159 162 161 230 236 159 163 190 195 197 151 122 151 129 191 129 129 202 157 222 184 232 140 185 223 130 243 142 220 248 226 161 133
186 239 158 236 138 238 124 0 161 237 224 237 229 217 209 143 176 140 212 206 152 128 245 225 191 190 230 178 171 164 153 123 204 174 194 128 166 137 136 153 227 171 172 199 150 120 188 185 204 176
209 215 150 184 182 149 173 192 0 237 239 155 204 126 129 186 234 140 219 234 160 210 230 168 211 215 197 231 236 244 194 142 152 148 194 218 126 208 213 165 186 141 214 125 247 225 201 154 238 244
138 220 229 205 211 177 240 246 169 0 224 176 141 162 136 238 244 135 198 173 135 158 152 217 120 144 177 122 201 198 228 146 157 190 155 196 152 208 222 225 246 190 183 231 219 194 169 156 134 224
135 217 190 245 218 246 137 185 194 160 0 185 166 188 120 177 178 159 171 221 208 183 204 169 146 120 156 197 234 227 186 248 180 228 173 216 248 159 142 200 189 166 120 170 175 172 231 195 215 236
217 184 216 203 204 201 172 201 202 241 221 0 230 219 225 198 165 154 212 233 190 139 228 182 180 125 186 216 174 166 205 122 185 242 209 172 209 198 147 147 235 154 129 227 188 167 186 215 141 204
212 225 155 199 150 192 142 222 232 162 148 245 0 211 229 123 236 200 161 176 219 222 144 201 141 246 177 238 214 198 154 188 138 137 213 166 217 151 213 213 159 133 171 184 132 144 127 197 235 148
124 211 225 245 199 164 228 135 210 132 171 184 169 0 141 150 226 180 195 147 212 162 197 238 249 126 223 231 161 169 195 239 171 234 218 139 238 121 138 206 127 169 136 180 229 237 124 127 229 125
155 135 131 123 202 216 209 229 206 170 202 246 203 151 0 127 241 196 165 198 192 187 127 165 173 145 234 175 206 212 216 213 217 152 246 139 239 231 230 126 131 225 180 168 248 125 189 177 136 171
211 234 123 188 131 224 131 124 169 215 160 136 223 224 231 0 159 175 151 192 162 164 221 244 195 133 204 178 248 213 228 211 189 236 228 157 140 168 187 132 164 194 125 225 204 160 158 165 162 217
185 188 139 238 162 162 128 247 182 238 240 246 226 240 239 224 0 137 188 194 249 221 211 217 167 242 203 172 180 247 189 141 139 209 193 237 143 173 214 126 132 190 154 133 154 202 188 130 129 230
203 142 232 122 167 230 212 156 235 197 232 236 175 207 190 242 223 0 214 225 249 153 146 217 220 186 183 172 234 223 195 125 230 179 144 158 209 120 135 159 235 217 246 190 194 191 188 190 226 243
173 201 160 159 185 196 191 246 141 202 249 215 193 167 172 241 236 207 0 236 240 230 169 180 223 168 217 182 163 179 135 166 173 122 142 153 231 196 157 249 153 186 216 209 176 221 183 213 183 246
213 131 136 245 149 123 152 182 243 171 214 228 131 199 249 191 189 165 242 0 246 133 191 174 207 135 154 156 182 223 231 222 207 131 170 206 158 186 237 135 231 133 170 237 146 187 174 235 248 157
184 236 190 147 218 163 183 121 248 205 240 245 154 190 177 218 229 149 155 211 0 173 136 145 192 197 244 189 199 139 173 156 210 154 147 167 181 163 198 143 234 210 189 127 162 209 203 225 235 160
184 162 136 138 153 131 190 211 193 209 149 145 193 234 174 120 122 159 199 130 149 0 208 248 164 198 187 123 162 138 152 220 208 125 130 214 133 161 155 126 124 138 171 241 202 151 208 155 186 161
243 165 224 203 229 198 233 172 208 200 188 193 189 171 236 202 191 127 186 142 147 176 0 190 152 155 188 181 172 133 168 205 190 190 229 214 208 123 160 208 140 238 138 234 148 229 230 163 235 140
230 169 177 135 198 155 206 223 198 121 243 239 203 169 193 234 179 221 197 174 241 173 198 0 126 181 124 211 120 125 134 138 186 166 155 247 238 205 224 226 151 225 151 193 166 140 220 239 160 234
165 205 249 220 127 176 168 158 226 177 210 202 187 127 207 235 142 203 183 164 212 246 122 236 0 169 228 142 213 132 163 246 205 221 179 181 184 220 214 145 177 190 194 240 229 139 168 134 123 129
143 219 206 223 157 140 246 227 243 122 171 202 215 238 189 170 120 224 247 237 206 164 151 220 241 0 244 142 196 186 175 223 241 214 211 209 204 189 152 221 135 203 170 192 203 182 247 151 121 244
160 156 174 197 248 211 161 189 178 185 174 141 171 170 146 226 166 139 193 229 221 200 215 163 138 153 0 165 156 180 139 136 152 145 224 189 145 175 233 195 192 170 145 201 130 222 127 217 169 208
196 136 190 129 151 169 157 206 248 166 229 149 212 165 189 131 227 147 180 157 225 197 199 218 153 127 227 0 161 225 244 201 133 231 202 151 147 186 135 237 212 226 169 240 137 213 153 120 135 146
219 169 182 199 154 202 207 239 185 231 245 219 174 155 132 228 136 192 179 125 147 226 190 240 238 132 208 125 0 174 177 244 197 144 186 187 145 166 234 247 220 128 237 179 228 142 139 237 157 125
185 248 228 171 249 223 229 203 171 237 181 241 191 238 182 175 196 161 139 196 230 156 232 222 220 173 249 222 194 0 134 194 121 237 163 167 191 202 195 183 202 230 178 185 225 120 140 162 147 236
139 134 161 186 226 249 230 199 124 128 201 226 154 245 191 194 200 129 142 241 154 130 156 214 154 147 156 182 215 159 0 233 246 226 129 161 240 231 137 177 167 217 123 161 217 235 125 196 206 233
175 246 145 134 136 196 135 154 145 127 245 163 245 214 148 241 121 247 124 152 191 121 219 131 226 124 188 147 157 183 168 0 170 204 145 143 208 158 241 175 181 123 122 133 201 206 243 176 211 164
129 174 211 224 243 228 193 191 185 182 208 194 231 178 181 228 207 188 193 224 198 153 160 198 125 179 235 150 177 210 240 210 0 201 169 176 203 166 222 121 217 216 159 121 163 196 222 233 147 130
135 248 203 136 209 244 198 150 245 211 143 219 185 194 167 158 174 188 179 232 129 145 241 199 200 201 151 171 147 139 248 216 234 0 120 211 159 184 207 124 168 192 233 186 161 198 195 157 191 155
121 160 131 183 185 233 217 217 248 154 168 149 133 186 186 136 239 247 128 120 128 215 230 128 121 189 163 122 121 147 146 158 191 152 0 150 147 235 151 192 178 163 172 122 144 203 218 148 142 237
132 223 234 139 228 139 125 157 164 196 177 223 206 135 146 217 135 243 225 148 157 152 174 152 124 152 145 165 179 233 205 200 232 170 175 0 151 227 234 238 198 134 129 223 235 189 239 241 218 168
179 165 171 181 122 136 141 193 233 212 139 179 201 137 130 199 150 203 142 231 160 175 191 235 239 229 208 128 144 189 248 214 144 166 245 186 0 233 231 221 201 206 164 135 243 124 155 199 245 147
152 230 162 172 166 126 242 210 120 132 137 167 235 138 149 160 186 237 190 237 190 176 233 195 181 186 166 176 129 146 219 137 147 141 167 126 166 0 199 208 232 131 203 145 164 194 228 207 248 122
161 182 124 126 167 192 137 128 161 216 193 249 198 235 194 182 174 129 128 205 231 122 143 162 160 228 152 159 183 243 158 202 126 176 240 148 166 205 0 193 194 199 207 161 165 171 187 193 233 171
178 228 246 151 214 152 216 125 185 194 210 239 223 193 184 121 191 193 216 141 196 126 214 226 176 209 206 159 131 218 166 140 177 228 244 193 246 142 183 0 121 150 233 127 205 186 248 249 136 154
248 162 143 238 200 160 192 175 179 191 142 200 244 196 222 156 140 120 247 135 169 205 215 200 177 225 177 228 127 213 132 170 177 143 178 230 124 145 246 178 0 170 238 220 142 197 143 220 192 223
128 240 149 230 177 235 133 126 180 240 180 185 141 190 175 235 216 182 139 138 246 199 149 225 148 179 234 133 133 126 139 168 161 156 121 183 177 216 159 195 160 0 217 142 183 177 179 189 189 161
227 243 192 202 214 161 196 180 182 171 189 148 151 146 197 151 221 237 218 162 242 164 167 197 205 173 222 230 157 149 171 210 207 142 170 237 244 198 221 229 148 128 0 199 170 212 158 176 225 132
173 139 189 215 248 217 138 176 190 202 211 246 242 147 140 246 140 245 135 196 136 137 163 223 211 161 137 166 142 150 184 183 239 131 189 193 138 166 137 236 165 128 181 0 188 235 213 146 238 120
210 125 226 144 223 225 220 134 172 133 213 249 187 204 206 138 168 165 217 173 167 191 146 128 150 122 207 179 200 193 127 225 226 120 175 222 174 231 210 205 237 221 196 126 0 179 209 188 196 165
229 151 203 176 139 122 136 157 181 123 128 223 247 176 181 198 132 190 207 242 203 190 173 238 188 182 215 176 128 196 232 168 132 133 237 134 205 131 186 238 150 159 199 194 192 0 170 125 197 155
200 176 154 249 161 246 182 189 154 142 211 179 196 143 186 205 218 206 173 209 197 182 201 159 128 139 246 236 227 153 229 222 190 159 133 249 249 230 177 214 238 190 136 246 189 220 0 200 128 180
121 154 244 209 193 134 209 198 202 209 240 178 199 188 196 208 144 127 135 125 192 159 222 141 139 232 131 165 209 193 154 137 195 152 231 154 241 122 199 156 181 176 225 144 219 124 202 0 227 175
230 166 166 238 248 222 149 242 167 232 161 148 153 209 247 187 133 209 236 221 120 160 220 211 249 236 223 209 169 124 219 179 232 137 231 203 235 211 176 187 132 151 194 143 166 203 197 236 0 176
191 174 218 201 242 138 136 158 200 203 146 155 197 154 227 133 221 139 212 221 242 237 123 205 238 220 179 217 156 224 172 246 123 195 136 219 246 183 229 150 123 224 173 130 207 237 130 199 165 0
