#Link #	Contact A	Contact B	Node A	Node B	Length
1 1 1 1 30 61
2 1 1 30 1 61
3 2 1 1 47 121
4 1 2 47 1 121
5 3 1 1 49 73
6 1 3 49 1 73
7 1 1 2 35 53
8 1 1 35 2 53
9 2 1 2 48 67
10 1 2 48 2 67
11 3 1 2 50 174
12 1 3 50 2 174
13 1 1 3 9 138
14 1 1 9 3 138
15 2 1 3 32 166
16 1 2 32 3 166
17 3 1 3 38 56
18 1 3 38 3 56
19 1 1 4 12 167
20 1 1 12 4 167
21 2 1 4 21 174
22 1 2 21 4 174
23 3 2 4 32 148
24 2 3 32 4 148
25 4 1 4 33 126
26 1 4 33 4 126
27 5 1 4 44 173
28 1 5 44 4 173
29 1 1 5 6 142
30 1 1 6 5 142
31 2 1 5 23 91
32 1 2 23 5 91
33 3 1 5 36 62
34 1 3 36 5 62
35 4 1 5 45 129
36 1 4 45 5 129
37 2 1 6 22 148
38 1 2 22 6 148
39 3 2 6 23 57
40 2 3 23 6 57
41 4 1 6 26 128
42 1 4 26 6 128
43 5 2 6 33 75
44 2 5 33 6 75
45 1 1 7 8 51
46 1 1 8 7 51
47 2 3 7 23 100
48 3 2 23 7 100
49 3 1 7 39 42
50 1 3 39 7 42
51 2 1 8 16 148
52 1 2 16 8 148
53 2 2 9 12 59
54 2 2 12 9 59
55 3 1 9 14 133
56 1 3 14 9 133
57 1 1 10 17 25
58 1 1 17 10 25
59 2 1 10 24 82
60 1 2 24 10 82
61 3 1 10 34 45
62 1 3 34 10 45
63 1 1 11 15 30
64 1 1 15 11 30
65 2 2 11 26 144
66 2 2 26 11 144
67 3 2 11 36 52
68 2 3 36 11 52
69 4 2 11 45 77
70 2 4 45 11 77
71 3 2 12 14 188
72 2 3 14 12 188
73 4 3 12 32 100
74 3 4 32 12 100
75 1 2 13 15 29
76 2 1 15 13 29
77 2 2 13 30 35
78 2 2 30 13 35
79 3 3 14 26 113
80 3 3 26 14 113
81 4 4 14 32 101
82 4 4 32 14 101
83 5 2 14 50 153
84 2 5 50 14 153
85 3 2 15 49 45
86 2 3 49 15 45
87 2 1 16 28 64
88 1 2 28 16 64
89 2 1 17 19 85
90 1 2 19 17 85
91 3 1 17 20 50
92 1 3 20 17 50
93 4 1 17 29 90
94 1 4 29 17 90
95 1 1 18 25 123
96 1 1 25 18 123
97 2 1 18 31 109
98 1 2 31 18 109
99 2 2 19 20 72
100 2 2 20 19 72
101 3 4 19 26 85
102 4 3 26 19 85
103 4 3 19 50 88
104 3 4 50 19 88
105 3 5 20 26 102
106 5 3 26 20 102
107 4 3 20 45 58
108 3 4 45 20 58
109 2 2 21 44 141
110 2 2 44 21 141
111 2 4 22 23 133
112 4 2 23 22 133
113 3 2 22 28 86
114 2 3 28 22 86
115 4 3 22 44 96
116 3 4 44 22 96
117 5 1 23 40 115
118 1 5 40 23 115
119 2 2 24 25 66
120 2 2 25 24 66
121 3 2 24 29 109
122 2 3 29 24 109
123 4 1 24 43 56
124 1 4 43 24 56
125 3 2 25 34 53
126 2 3 34 25 53
127 4 2 25 43 103
128 2 4 43 25 103
129 5 1 25 46 58
130 1 5 46 25 58
131 1 2 27 31 85
132 2 1 31 27 85
133 2 2 27 35 104
134 2 2 35 27 104
135 3 4 28 44 123
136 4 3 44 28 123
137 3 3 29 30 75
138 3 3 30 29 75
139 4 4 29 45 67
140 4 4 45 29 67
141 5 2 29 47 93
142 2 5 47 29 93
143 3 2 31 46 120
144 2 3 46 31 120
145 5 3 32 33 102
146 3 5 33 32 102
147 4 5 33 44 157
148 5 4 44 33 157
149 3 2 35 38 162
150 2 3 38 35 162
151 4 1 35 41 147
152 1 4 41 35 147
153 5 1 35 42 101
154 1 5 42 35 101
155 3 2 36 40 45
156 2 3 40 36 45
157 1 2 37 39 85
158 2 1 39 37 85
159 2 3 37 49 252
160 3 2 49 37 252
161 3 2 38 42 99
162 2 3 42 38 99
163 4 4 38 50 79
164 4 4 50 38 79
165 3 3 39 40 93
166 3 3 40 39 93
167 4 4 39 49 228
168 4 4 49 39 228
169 2 3 41 42 111
170 3 2 42 41 111
171 3 3 43 47 63
172 3 3 47 43 63
173 3 2 46 48 75
174 2 3 48 46 75
175 4 5 46 50 131
176 5 4 50 46 131
