0 62 126 118 72 94 90 108 120 58 52 125 88 118 50 90 114 70 135 131 52 52 98 134 84 69 87 52 69 89 94 70 70 69 91 76 51 125 100 107 66 139 127 60 79 114 114 134 87 124
110 0 77 102 129 126 95 103 53 71 121 87 65 99 113 110 83 89 95 120 96 85 94 52 53 113 138 103 85 65 95 138 119 98 127 70 96 135 102 91 74 99 136 50 120 123 129 116 122 96
100 88 0 55 128 101 67 95 93 82 81 98 106 105 91 52 70 65 102 127 121 121 123 72 125 110 57 51 51 118 72 59 106 80 56 64 97 65 74 114 90 78 92 52 84 87 66 59 130 95
68 104 123 0 51 51 63 114 64 113 111 99 69 137 121 96 70 108 85 101 78 106 55 76 137 128 77 127 77 134 116 87 72 50 129 53 123 136 101 65 128 137 113 95 84 81 68 110 88 67
59 109 76 94 0 79 128 130 51 68 79 138 120 80 69 110 125 133 80 129 111 93 138 71 115 57 65 131 69 118 104 125 83 80 76 128 104 135 129 62 99 59 53 56 127 120 124 80 105 120
84 101 70 57 74 0 130 100 133 91 74 120 124 51 110 58 60 129 53 71 138 87 60 65 71 116 59 131 84 137 131 76 72 92 59 108 53 50 138 76 103 90 78 55 132 137 137 60 69 105
138 98 111 109 73 98 0 77 72 57 75 138 90 108 107 134 85 77 79 78 126 130 77 80 98 102 103 72 51 71 56 99 56 56 107 76 121 94 127 63 95 121 56 135 65 119 138 123 78 59
96 132 76 130 62 131 52 0 78 131 122 131 125 117 112 66 88 64 114 110 72 55 136 122 99 98 126 90 85 80 73 52 108 87 101 55 81 62 61 73 124 85 86 105 71 50 97 95 108 89
111 115 71 94 93 70 87 100 0 131 132 74 108 54 56 96 128 64 118 129 78 112 126 83 113 116 103 127 130 136 101 65 72 69 101 118 54 111 114 81 96 64 115 53 138 122 106 74 132 136
62 119 125 109 113 90 133 137 84 0 122 88 64 79 61 131 136 60 104 86 60 76 72 117 50 67 89 51 106 104 125 68 75 98 74 102 72 111 121 122 137 99 94 127 119 101 84 75 59 122
60 117 99 136 118 137 62 95 101 78 0 95 82 97 50 89 90 77 85 120 111 94 108 83 68 50 74 103 129 124 95 138 91 125 86 117 138 77 65 105 97 82 50 85 88 86 127 102 116 130
117 94 117 107 108 106 86 106 107 134 120 0 126 119 123 104 81 73 113 128 98 63 124 93 92 54 95 117 88 81 109 51 95 135 112 86 112 104 68 68 129 74 56 124 97 83 96 116 65 108
114 123 74 104 70 100 65 121 128 79 70 136 0 113 125 52 130 106 78 88 118 120 67 106 64 137 89 132 115 104 73 97 62 62 114 82 117 71 114 114 77 59 85 94 58 66 54 103 129 69
53 113 123 136 105 80 125 60 112 58 85 94 84 0 65 70 123 91 102 69 114 79 103 131 139 54 121 127 78 84 102 132 85 129 118 63 132 51 63 109 55 84 61 91 125 131 53 55 125 53
74 60 58 52 107 117 111 126 109 85 106 137 107 71 0 55 134 103 81 104 100 96 55 81 87 67 129 88 109 114 116 114 117 72 137 63 132 126 126 54 58 123 92 83 138 53 97 89 61 85
113 129 52 97 58 122 57 53 84 115 78 61 121 122 127 0 77 88 72 100 79 80 120 136 102 59 108 90 138 114 125 113 98 130 124 76 64 83 96 58 81 101 53 123 108 78 76 81 79 117
95 97 63 132 79 79 56 138 93 132 133 137 123 133 133 122 0 62 97 101 139 120 113 117 82 134 107 86 91 138 97 65 63 111 100 131 66 86 115 54 58 99 73 59 73 106 97 57 56 126
107 65 127 51 83 126 113 75 130 103 127 130 88 110 99 135 121 0 115 123 139 73 68 117 119 96 93 86 129 121 102 53 126 91 67 76 112 50 60 77 129 117 137 98 101 99 97 98 123 135
86 106 77 77 95 102 99 137 64 107 139 116 100 83 86 134 130 110 0 130 133 126 84 91 121 83 117 93 80 91 60 81 87 51 65 73 127 103 75 139 73 96 116 112 89 119 93 114 94 137
114 58 61 136 70 52 72 93 135 85 115 125 58 105 139 99 98 81 135 0 137 59 99 87 110 60 73 75 93 121 127 120 110 57 85 110 76 95 131 60 126 59 84 131 68 96 87 129 139 75
94 130 99 69 118 80 93 50 139 109 133 137 74 98 89 118 125 70 74 113 0 87 61 67 100 103 136 97 104 63 87 75 112 74 69 83 92 80 104 66 129 112 98 55 79 112 108 123 130 78
94 79 61 62 73 57 98 113 100 111 70 67 101 129 88 50 51 77 105 57 70 0 111 138 80 104 96 52 79 62 72 119 111 53 56 115 59 78 74 54 52 62 85 134 107 71 111 74 96 78
135 81 122 107 125 104 128 86 111 105 97 100 98 85 130 106 99 54 95 65 69 89 0 99 72 74 97 92 86 59 83 108 98 99 125 115 111 52 77 111 64 132 62 129 69 125 126 80 129 64
126 84 89 60 104 74 110 121 104 50 135 132 107 84 100 129 91 120 103 88 134 86 104 0 54 92 53 113 50 53 60 62 95 82 74 138 131 108 122 123 72 122 71 100 82 64 119 132 78 129
81 109 139 119 55 89 83 76 123 89 112 107 96 55 110 130 65 107 93 80 113 137 51 130 0 84 125 65 114 58 80 137 109 120 91 92 94 119 115 67 89 98 101 133 125 63 83 59 52 56
66 118 110 121 75 63 137 124 135 51 85 107 116 132 98 85 50 122 138 131 109 80 71 119 134 0 136 65 102 96 88 121 134 115 113 112 108 98 72 120 60 107 84 100 107 93 138 71 51 135
78 75 87 103 138 113 78 98 90 95 87 65 85 85 68 123 82 63 101 126 120 105 115 80 62 72 0 81 75 92 63 61 72 67 122 98 67 88 128 101 99 85 67 106 56 120 55 117 84 111
103 61 98 56 71 84 75 109 138 82 125 70 113 81 98 57 124 68 91 76 122 103 105 117 72 55 124 0 78 123 136 106 59 126 107 72 68 95 60 131 113 123 84 133 62 114 72 50 60 68
118 84 93 105 74 107 110 132 95 126 137 119 87 74 58 124 61 100 90 54 69 124 98 133 131 58 111 53 0 88 89 136 103 67 95 96 67 82 128 138 119 55 131 91 125 65 63 131 75 53
95 139 125 85 139 121 125 108 85 131 92 134 99 131 92 88 102 78 63 103 126 74 127 120 119 87 139 121 101 0 60 101 51 131 80 83 99 107 102 93 107 126 90 95 122 50 64 79 69 130
63 59 78 95 123 139 126 104 53 55 106 123 73 137 99 101 105 56 65 134 74 57 75 115 73 68 74 93 116 77 0 128 137 123 56 78 133 127 61 89 82 117 52 78 117 129 53 102 109 128
88 137 67 60 61 102 61 73 67 54 136 80 136 115 69 133 50 138 52 72 99 50 118 57 123 53 97 68 75 94 83 0 85 108 67 66 111 76 133 88 92 52 51 59 106 109 135 88 113 80
56 87 113 122 135 124 100 99 95 92 111 101 127 90 92 124 110 97 100 122 104 73 77 104 54 91 130 70 89 112 133 112 0 106 84 89 107 82 120 50 117 116 77 51 80 103 120 128 68 57
60 139 108 61 112 136 104 70 136 113 66 118 95 101 82 76 87 97 91 127 56 67 134 104 105 106 71 85 68 63 139 116 129 0 50 113 77 94 110 52 83 99 128 96 78 104 102 76 99 74
51 77 57 94 95 128 117 117 139 73 83 70 59 96 96 61 133 138 56 50 55 115 126 55 50 98 79 51 50 69 68 76 99 72 0 71 68 129 71 99 90 79 86 51 66 107 118 69 65 131
58 121 129 63 124 63 53 75 80 103 89 121 109 60 68 117 60 135 123 69 75 72 88 72 52 72 67 81 90 128 109 105 127 84 88 0 72 124 128 131 104 60 56 121 129 97 132 133 117 83
91 81 85 92 51 61 65 101 128 114 63 91 106 62 57 105 71 108 65 127 77 88 99 129 132 126 111 56 66 98 138 115 67 82 136 95 0 128 127 120 106 109 80 60 135 52 74 105 136 68
72 126 79 86 82 54 134 112 50 58 62 83 130 62 70 78 95 131 98 131 98 88 128 102 92 96 82 88 56 68 118 62 68 64 82 54 82 0 104 111 128 57 107 67 80 101 125 110 138 51
78 93 53 54 83 100 62 56 78 116 101 139 104 130 101 93 87 56 55 109 127 51 66 79 78 125 72 77 93 135 76 107 54 88 133 69 82 108 0 100 101 104 110 79 81 85 97 101 128 85
90 124 137 71 115 72 116 53 95 101 112 132 121 100 94 51 99 100 116 64 102 54 115 123 89 111 109 77 57 118 82 64 89 124 135 101 137 65 94 0 50 71 128 55 108 95 138 139 61 73
139 79 66 132 105 77 99 88 91 99 65 105 135 103 120 75 63 50 138 60 84 108 116 105 89 123 89 125 54 114 58 84 89 66 90 126 53 67 137 90 0 85 132 119 65 103 66 119 100 121
55 133 70 126 89 129 59 54 92 133 91 95 64 98 88 129 116 92 63 63 137 104 70 122 69 90 128 59 59 54 63 83 78 75 51 93 90 116 77 102 78 0 117 65 94 90 91 98 98 78
124 135 100 107 115 78 103 91 93 85 98 69 71 68 103 72 120 131 118 79 134 80 82 103 109 86 120 126 75 70 85 112 110 65 84 131 136 104 120 125 69 55 0 105 84 113 76 89 122 58
86 63 98 115 138 117 62 89 98 107 113 137 134 68 64 137 64 137 60 102 61 62 80 121 113 78 62 82 65 71 94 93 133 58 97 100 62 82 62 130 81 55 92 0 97 129 114 68 131 50
112 53 123 67 121 123 119 59 86 59 114 139 97 108 110 62 83 81 117 87 83 99 68 55 71 51 110 91 105 101 54 123 123 50 88 120 87 127 112 109 131 120 102 54 0 90 111 97 102 81
125 72 107 89 63 51 61 75 92 52 56 121 138 88 92 104 58 98 110 134 107 99 86 132 97 92 116 89 56 103 127 83 58 59 131 59 108 57 96 132 71 77 105 101 100 0 85 53 103 74
105 89 74 139 78 137 92 98 74 65 113 90 102 66 95 109 118 109 87 111 103 92 106 77 55 63 137 130 124 73 125 121 98 77 59 139 139 126 90 115 131 98 61 137 98 119 0 106 55 91
51 73 136 112 100 60 111 104 107 111 133 90 104 97 103 111 66 54 60 53 99 77 120 64 63 127 58 81 112 100 74 62 101 72 127 73 133 51 104 75 92 89 122 66 119 53 107 0 124 88
126 81 81 131 139 121 70 134 82 128 78 69 73 112 138 96 59 111 130 120 50 78 119 113 139 130 121 112 84 53 119 91 127 61 127 108 129 113 89 96 58 71 101 66 82 107 103 130 0 88
99 87 117 106 135 62 61 76 105 107 68 74 103 73 124 59 120 63 114 120 134 131 52 109 131 119 90 117 75 122 86 137 52 102 61 118 137 94 125 70 52 122 86 57 110 131 57 104 81 0
