0 10 67 61 20 39 35 52 63 7 2 66 34 60 0 35 57 18 75 72 2 2 43 75 30 17 33 2 17 35 39 18 18 17 36 23 1 67 44 51 14 79 68 9 26 57 56 74 33 66
53 0 24 47 70 67 40 47 2 19 63 33 13 43 56 53 29 35 40 62 41 31 39 2 3 56 78 47 31 13 40 78 61 43 68 18 41 76 46 36 21 43 76 0 62 65 70 59 64 41
44 34 0 4 69 45 15 40 38 28 27 43 49 48 36 2 18 14 46 68 63 63 65 20 67 53 6 1 1 60 19 8 49 27 5 12 42 13 21 56 36 25 37 1 30 33 15 8 71 40
16 48 65 0 1 1 11 57 12 56 54 43 17 78 63 41 17 51 31 46 25 50 4 23 77 70 24 68 24 75 59 33 20 0 70 3 65 76 45 13 69 77 56 40 30 27 16 53 34 15
8 53 23 39 0 26 69 71 1 16 26 78 62 27 17 53 67 74 27 70 54 38 78 18 58 6 13 72 17 60 48 67 29 27 23 69 48 76 70 10 44 8 3 5 69 63 66 27 49 62
30 45 17 6 21 0 71 45 74 36 22 62 66 0 53 7 9 70 3 19 79 33 9 13 19 59 8 72 30 77 72 23 20 38 8 52 3 0 78 23 47 35 25 5 73 77 77 8 17 49
78 43 55 52 20 43 0 24 19 6 22 78 35 52 51 75 31 24 26 25 67 71 24 26 43 46 47 19 1 19 5 44 5 6 50 23 63 39 69 12 40 63 6 75 13 62 78 65 25 8
41 73 23 71 11 72 2 0 25 72 64 72 67 59 55 14 34 12 57 53 20 5 77 64 43 43 68 36 31 27 20 1 51 33 45 4 28 11 10 20 66 31 32 48 18 0 42 40 51 35
54 58 19 39 38 18 32 44 0 72 73 22 51 3 5 40 70 12 61 70 24 55 67 29 56 58 47 68 71 76 45 14 20 17 45 60 4 54 57 27 41 13 58 3 78 64 50 21 73 76
11 62 67 52 56 35 73 77 30 0 64 34 13 26 10 72 76 9 48 32 9 23 19 59 0 15 35 1 50 48 66 16 22 43 21 46 20 54 63 64 77 43 39 68 61 45 30 22 8 64
9 59 43 77 60 77 10 40 45 24 0 40 28 42 0 35 35 24 31 62 54 39 51 30 16 0 22 47 70 66 40 78 36 66 32 59 79 24 13 49 42 28 0 31 34 32 68 46 58 71
59 39 59 51 51 50 32 50 50 74 62 0 67 61 65 48 27 21 56 69 43 12 66 38 37 3 40 59 33 28 52 1 40 75 55 32 55 48 16 16 70 21 5 66 41 29 40 58 13 52
57 65 21 48 18 44 13 63 69 26 17 77 0 56 67 2 71 49 25 34 60 62 15 50 13 77 35 73 58 48 20 42 11 11 57 28 60 19 57 57 24 8 31 39 7 14 4 47 71 17
2 56 65 77 49 27 67 9 55 7 31 39 30 0 13 18 65 37 46 16 57 26 47 72 79 3 63 68 25 30 46 73 31 70 60 12 73 1 11 53 4 30 10 37 67 72 2 4 67 3
21 9 7 2 51 59 54 67 53 31 50 77 51 19 0 4 74 47 27 48 44 41 4 28 33 15 70 33 52 57 59 57 60 20 78 12 73 68 68 4 7 65 37 29 78 3 42 35 10 31
56 70 1 41 7 64 6 2 30 58 25 10 63 64 68 0 24 33 19 44 26 27 62 76 46 8 52 35 79 57 66 56 42 71 66 23 12 29 41 7 27 45 3 65 52 25 23 28 26 59
40 42 11 73 26 26 5 78 38 73 74 77 65 74 73 64 0 10 41 46 79 62 56 59 28 75 51 32 37 78 42 13 11 54 45 72 14 32 58 4 7 43 21 8 20 50 42 6 5 68
51 13 68 1 29 67 56 22 71 47 69 71 34 54 43 75 63 0 58 65 79 20 16 59 61 41 38 32 70 63 46 3 68 36 15 23 55 0 9 24 70 59 77 43 45 44 42 43 65 76
32 50 24 24 40 46 43 78 13 50 79 58 45 29 32 74 71 53 0 71 74 67 30 37 63 29 59 38 26 36 9 28 33 1 13 20 68 47 22 79 20 41 59 55 34 62 38 57 39 77
57 7 10 77 18 2 20 38 76 31 57 66 7 48 79 43 42 27 75 0 77 8 44 33 53 9 21 22 38 63 68 62 54 6 31 53 23 40 72 9 68 8 30 72 16 41 33 71 79 23
39 71 43 17 60 26 38 0 79 52 74 77 21 43 35 60 67 18 21 56 0 32 10 15 44 47 76 42 48 11 33 22 55 21 17 29 37 27 48 14 70 55 42 4 26 55 51 64 71 25
39 26 10 11 20 7 43 56 45 54 18 15 45 70 33 0 1 24 49 6 17 0 54 78 27 48 41 1 26 11 20 61 54 3 6 57 8 25 21 3 2 11 31 74 51 19 54 21 41 25
75 28 64 51 67 48 69 32 54 49 42 45 42 31 71 50 43 4 40 14 17 34 0 43 20 21 42 37 32 8 29 52 43 43 67 57 54 2 24 54 12 73 11 70 17 67 67 26 71 12
67 30 35 9 48 21 53 63 48 0 76 73 51 30 44 70 36 62 47 33 74 32 48 0 4 37 2 56 0 3 8 11 40 28 21 78 72 52 64 65 19 64 19 44 28 12 62 73 25 70
27 52 79 61 4 34 30 23 65 35 55 50 41 4 53 71 13 51 38 27 56 78 1 71 0 30 66 13 57 7 26 77 52 62 36 37 39 61 57 15 35 43 45 74 67 11 30 8 2 5
14 61 53 63 23 12 77 66 75 1 31 50 58 73 43 31 0 64 78 72 52 27 19 62 74 0 76 14 46 41 34 63 74 57 56 55 52 42 19 62 9 51 30 44 51 38 78 19 0 76
24 22 33 47 78 56 25 42 35 40 33 13 31 31 16 65 28 12 45 67 62 49 58 26 11 20 0 27 22 37 11 10 20 15 64 43 15 34 69 46 44 31 15 50 6 62 4 59 30 54
47 10 43 5 19 30 22 52 78 28 67 18 56 27 42 7 66 16 37 23 64 47 49 60 20 4 66 0 25 64 76 50 8 68 50 19 16 40 9 72 56 65 30 73 10 57 20 0 9 16
61 30 38 49 21 51 53 73 40 68 77 61 33 21 7 66 10 44 36 3 17 65 43 73 72 7 54 3 0 33 35 76 47 15 40 41 15 28 70 78 62 5 72 36 66 14 11 72 22 3
40 79 66 31 79 63 67 51 31 72 37 74 44 72 38 34 47 25 11 47 68 22 69 62 62 33 79 63 46 0 9 45 1 72 26 29 44 50 46 38 50 67 35 40 64 0 12 26 17 71
11 8 25 40 65 79 68 48 3 5 50 65 21 77 44 45 49 5 13 74 21 6 22 58 21 16 22 38 59 24 0 69 78 65 6 25 74 68 10 35 29 59 2 25 59 70 3 47 53 69
33 77 15 9 10 46 9 21 15 4 76 26 77 57 17 74 0 78 2 20 44 0 61 6 65 2 42 16 23 39 29 0 31 52 15 14 54 23 74 34 37 1 1 8 50 53 76 34 56 27
5 33 56 64 76 66 45 44 40 38 54 46 68 36 37 66 54 41 45 64 48 20 24 48 3 36 71 18 35 55 74 55 0 50 30 34 51 28 62 0 60 59 24 1 27 47 62 69 16 6
9 79 51 10 55 76 48 18 76 56 14 61 40 45 29 23 33 42 36 69 5 15 75 48 49 50 19 31 16 12 79 59 70 0 0 56 24 39 54 2 29 44 69 41 25 48 46 23 43 22
0 24 6 39 40 69 59 59 79 21 29 18 8 41 40 10 73 78 5 0 4 58 68 5 0 43 26 1 0 16 16 23 44 20 0 18 16 70 19 44 36 26 32 1 14 51 60 17 14 72
7 63 70 11 66 12 3 22 27 47 35 63 53 9 16 59 9 76 64 17 22 20 33 19 2 20 15 27 36 69 52 49 69 30 34 0 19 66 70 72 48 9 5 63 70 42 73 74 60 29
36 28 31 37 1 10 13 45 69 56 11 36 50 10 6 48 18 51 13 68 24 34 43 70 73 67 54 5 14 42 78 58 15 28 76 40 0 69 68 62 50 53 27 9 75 2 21 49 77 16
19 67 26 32 28 3 75 55 0 7 10 29 71 11 18 24 40 72 43 72 43 34 69 46 37 40 28 34 5 16 61 10 16 13 29 3 28 0 48 54 69 6 51 15 27 46 67 53 78 1
25 38 2 4 29 44 10 5 25 59 45 79 48 71 45 38 33 5 5 52 68 1 14 26 25 66 20 24 39 76 23 50 3 34 74 17 28 52 0 45 46 48 54 25 28 31 41 45 69 31
35 66 77 19 58 19 59 3 40 45 55 73 63 45 39 1 44 44 59 13 47 4 58 65 35 55 52 24 7 60 28 12 35 66 76 45 77 13 39 0 0 18 70 4 52 40 79 79 9 20
79 26 14 72 49 24 44 34 36 44 13 49 76 47 62 22 12 0 78 9 30 52 58 49 35 65 35 66 4 57 7 31 35 14 35 68 2 15 78 35 0 31 73 62 13 47 14 62 44 63
5 74 18 67 35 71 8 4 37 74 37 40 13 43 34 71 59 38 11 11 77 48 17 64 17 36 70 8 8 4 12 29 25 22 1 38 35 59 24 46 25 0 60 13 39 35 36 43 42 25
65 76 44 50 57 25 47 37 38 31 42 17 19 16 47 19 62 72 60 26 75 27 28 47 52 32 62 68 23 17 31 55 53 14 31 72 76 48 62 67 17 5 0 48 30 56 23 34 64 7
32 12 42 58 78 60 11 34 43 51 56 77 75 16 12 77 12 77 9 46 10 10 26 63 56 25 10 28 13 18 39 39 73 7 42 45 11 28 11 71 27 5 38 0 42 70 57 16 72 0
55 3 65 15 63 65 61 8 32 8 57 79 41 52 53 11 29 27 60 32 29 43 16 5 19 1 53 36 49 45 4 65 65 0 34 62 33 68 55 52 72 62 46 3 0 36 55 41 46 27
67 19 51 34 11 1 10 23 37 2 5 63 78 34 37 48 7 43 53 75 51 43 32 72 41 38 58 35 5 47 69 29 7 8 72 8 52 7 40 72 18 24 48 45 44 0 31 3 47 22
49 35 21 79 25 77 38 42 21 13 56 36 46 14 40 52 60 53 33 54 47 38 50 24 5 11 77 71 66 20 67 63 43 24 8 79 79 68 35 58 72 43 10 78 43 61 0 49 5 36
0 21 76 55 45 8 54 48 50 55 74 35 48 42 47 54 15 4 9 3 44 24 62 12 12 69 7 28 55 45 21 10 46 19 68 21 74 1 48 22 37 34 64 14 61 2 50 0 65 34
67 28 28 72 79 63 18 75 29 69 25 17 20 55 78 41 8 54 71 62 0 24 62 56 79 71 63 55 30 2 61 36 69 10 68 51 70 56 34 41 7 19 45 14 28 51 47 71 0 34
44 33 60 50 75 11 10 23 49 51 16 21 47 21 66 8 62 12 57 62 75 72 1 52 72 61 36 60 22 64 32 77 2 46 10 61 77 39 67 18 2 64 32 6 53 72 6 48 27 0
