0 70 177 164 88 124 117 147 168 64 54 175 114 164 50 116 158 84 191 185 54 53 131 190 107 82 113 54 83 115 124 84 84 82 118 93 53 175 133 146 77 198 178 68 99 158 156 190 113 174
150 0 95 138 182 176 125 138 55 86 169 112 75 132 155 151 106 115 126 166 128 108 123 54 56 155 197 138 109 75 125 197 165 130 179 84 127 192 136 118 90 132 193 50 167 173 182 161 171 127
134 113 0 58 180 135 79 125 122 103 101 130 143 141 118 54 84 76 137 179 169 169 172 88 176 150 62 52 52 163 87 66 143 101 60 73 129 75 90 156 118 98 121 53 107 113 78 66 184 126
81 140 172 0 53 52 71 157 74 155 151 131 83 196 169 127 83 147 109 136 98 144 58 94 195 181 95 178 96 190 161 112 87 51 181 55 172 194 135 75 180 196 155 126 106 102 80 151 114 79
65 149 94 124 0 98 180 184 52 80 99 198 167 100 81 151 175 189 101 182 153 122 197 85 158 62 75 186 81 163 140 176 105 101 93 180 140 193 183 70 132 65 55 60 179 168 174 101 142 167
106 135 83 62 90 0 183 134 188 118 91 168 174 51 150 63 67 182 56 85 198 113 67 75 86 161 65 186 106 195 186 94 88 121 65 147 55 51 197 94 139 117 96 59 187 195 195 66 82 142
196 131 153 149 88 131 0 96 86 62 92 197 117 147 146 191 108 96 99 97 177 184 95 100 131 136 139 86 53 86 60 132 60 61 145 93 168 123 179 73 125 169 61 192 75 166 197 173 97 66
127 187 94 184 71 186 54 0 97 185 170 186 176 161 153 76 114 73 157 150 87 59 194 171 132 131 177 117 109 100 88 53 146 112 135 59 103 70 68 88 174 109 110 141 85 51 129 125 147 115
152 159 85 124 121 83 111 134 0 186 187 91 146 57 60 126 181 73 164 182 96 153 177 105 155 160 139 178 184 194 135 76 87 82 135 163 57 152 157 102 127 74 159 56 197 171 144 90 186 193
70 166 176 148 155 116 188 195 107 0 170 114 74 98 68 186 193 67 140 111 67 94 87 162 50 78 115 53 144 140 175 80 92 131 90 137 87 152 168 171 196 131 123 178 165 135 107 92 66 171
67 162 131 194 164 196 70 125 135 96 0 125 103 129 50 116 117 95 109 167 152 123 147 106 80 50 91 139 182 174 126 198 119 175 111 161 198 95 75 143 129 103 50 108 113 110 179 137 160 184
162 123 161 146 147 144 111 144 145 190 167 0 176 165 172 140 102 89 156 181 131 72 174 122 120 56 126 161 113 103 148 52 126 191 153 110 153 140 81 81 182 90 61 174 128 105 126 160 75 147
157 172 90 141 84 134 75 168 180 99 83 194 0 156 176 54 184 143 97 114 164 167 78 143 74 195 116 186 159 140 89 128 70 70 157 104 162 86 157 157 95 65 109 123 64 78 58 139 183 82
55 155 172 194 141 101 175 67 153 64 109 124 106 0 75 84 173 119 136 81 157 99 139 186 199 56 169 178 97 107 137 187 109 182 163 72 187 52 71 149 58 106 69 119 175 185 55 59 176 56
91 67 63 54 145 161 153 176 149 108 144 195 146 86 0 59 190 138 102 140 134 128 59 102 111 79 182 113 149 157 161 158 162 87 196 72 187 178 177 57 63 171 120 105 197 56 129 116 69 109
156 182 53 128 63 170 62 55 107 159 96 69 169 171 178 0 95 113 86 133 99 100 167 193 137 65 147 117 198 157 175 155 130 184 174 93 73 105 128 64 101 136 56 172 147 97 94 102 98 162
125 128 72 187 98 99 60 196 121 186 189 195 172 188 188 170 0 70 128 136 198 167 155 161 104 191 146 110 119 196 129 75 72 153 134 186 77 111 159 57 64 131 89 66 89 144 128 61 60 177
146 76 179 53 105 177 156 92 183 139 179 183 113 151 131 191 169 0 158 172 199 88 80 162 165 127 123 110 182 169 137 56 177 118 78 94 153 50 68 95 183 162 195 131 135 132 128 131 172 193
111 144 96 95 125 137 132 196 74 145 199 160 134 105 110 190 184 150 0 184 188 176 107 119 169 105 162 122 100 118 67 103 112 52 75 89 178 138 93 199 88 127 160 153 115 166 122 157 123 195
157 63 69 194 84 53 87 121 192 109 158 175 63 141 199 132 130 102 191 0 195 65 132 112 150 67 89 91 121 168 178 167 151 63 108 150 94 126 185 67 178 65 107 185 80 128 112 183 198 93
123 184 131 82 163 100 122 51 198 148 188 195 90 131 116 163 176 84 91 155 0 111 69 79 134 139 194 129 141 72 112 91 154 90 82 105 120 100 140 77 181 154 130 58 98 153 146 171 183 97
124 99 69 71 88 63 130 155 134 152 83 79 135 182 113 50 53 95 142 62 83 0 152 197 101 140 127 53 99 70 87 165 152 56 61 158 65 97 90 57 54 70 109 190 145 86 151 91 127 98
192 102 170 146 176 140 180 110 151 143 129 134 130 109 184 144 132 58 126 76 82 115 0 131 87 90 129 120 110 65 106 148 131 131 176 158 152 54 96 152 73 187 71 181 82 176 177 100 183 73
177 107 115 67 140 90 150 169 140 51 192 187 146 106 134 182 118 166 139 113 190 111 140 0 57 120 55 155 50 56 66 70 126 103 90 197 186 148 170 172 86 171 85 134 103 73 166 187 97 181
101 148 199 165 58 115 106 94 172 116 154 145 127 58 150 183 75 146 123 101 156 196 53 184 0 107 175 76 157 64 100 195 148 167 119 120 123 165 158 79 116 131 135 189 175 72 106 66 53 61
77 164 150 169 93 73 195 173 192 52 109 145 160 186 130 108 50 170 197 186 149 101 85 166 190 0 194 76 137 126 114 169 190 158 155 153 148 130 87 166 67 146 108 133 146 121 196 85 51 193
96 91 112 139 197 156 97 130 117 125 112 75 109 108 80 172 103 72 135 176 167 143 159 100 71 88 0 102 91 120 72 69 87 79 170 130 79 114 180 136 133 108 79 143 61 167 58 161 107 152
138 69 130 61 86 107 92 149 198 103 175 83 156 102 130 63 174 81 119 93 171 138 142 163 88 58 174 0 97 171 193 144 65 178 145 86 81 126 68 185 156 172 107 188 70 157 88 50 68 80
164 106 122 142 90 145 150 188 125 178 195 165 113 90 64 174 69 133 118 56 82 173 130 188 186 64 151 56 0 113 116 193 139 78 126 128 79 103 181 197 166 59 185 118 175 76 72 185 92 56
125 198 175 109 198 169 176 146 109 185 120 190 132 186 121 114 138 97 72 138 177 91 179 168 166 112 199 168 136 0 67 136 52 185 100 105 132 145 137 122 145 177 116 125 171 50 74 98 82 184
72 66 97 126 173 199 177 141 55 59 144 172 89 195 132 136 142 61 75 190 90 62 92 158 89 81 91 122 160 95 0 181 196 173 61 97 188 178 69 116 104 162 54 97 162 183 56 138 149 180
113 195 79 67 69 138 68 89 79 58 194 100 194 158 82 189 51 197 54 87 132 51 164 62 172 55 129 81 93 123 105 0 108 148 79 77 152 94 189 113 121 53 53 65 143 149 192 114 156 101
61 113 155 170 192 174 134 132 125 121 152 136 178 117 120 174 151 128 134 170 141 88 96 140 56 118 183 84 116 154 188 154 0 143 107 115 146 103 167 51 162 161 95 52 100 138 168 180 81 62
67 198 146 69 153 193 141 84 194 155 77 164 125 136 104 94 113 128 119 179 61 79 190 141 142 144 86 109 81 72 198 161 181 0 50 155 96 124 151 54 105 133 181 126 97 140 137 93 132 91
51 96 62 123 125 180 162 162 198 89 105 84 65 127 126 69 188 196 60 50 59 159 177 59 51 130 99 52 51 81 80 94 132 87 0 85 81 183 85 133 117 99 111 52 77 146 164 82 76 185
64 169 181 71 174 72 56 92 101 138 116 169 149 67 80 161 67 192 171 82 92 87 113 87 54 87 79 102 118 181 148 142 179 107 113 0 86 174 181 186 140 67 60 169 182 129 188 189 163 105
118 102 109 120 52 69 75 135 180 156 72 118 144 70 61 141 85 146 75 178 96 114 132 182 187 176 152 60 78 130 197 158 78 103 194 126 0 180 178 167 144 149 101 68 192 54 90 142 194 81
87 177 99 110 103 57 191 154 51 64 70 105 183 71 84 96 126 185 130 185 131 114 180 137 121 126 103 114 61 80 164 70 81 74 104 57 104 0 141 151 180 63 146 79 101 136 175 150 197 52
97 122 55 57 105 133 70 60 97 161 135 199 140 183 135 122 112 60 59 148 178 52 77 99 96 175 87 95 123 192 94 145 57 114 189 82 103 148 0 134 136 141 151 98 102 109 128 135 181 109
117 174 195 86 159 87 161 55 126 135 154 187 169 134 124 51 132 134 161 74 138 57 158 173 115 153 149 95 63 163 103 74 116 174 193 135 195 76 123 0 51 85 181 58 148 126 198 199 68 89
198 99 77 186 142 96 133 114 118 132 75 142 193 138 168 92 73 50 197 67 107 148 160 142 115 172 116 175 58 158 64 108 116 77 117 177 55 79 196 117 0 108 186 166 76 139 77 166 133 169
59 189 84 177 116 183 65 58 120 189 119 126 74 131 114 183 161 121 72 71 195 141 83 171 82 118 181 65 65 57 72 106 98 92 52 123 116 161 95 137 96 0 162 76 123 116 118 130 130 97
173 192 133 145 158 97 138 119 122 109 130 82 86 80 139 86 167 185 163 99 191 101 104 139 149 111 167 178 93 83 109 154 150 76 108 185 193 140 167 175 83 59 0 141 107 156 94 115 171 63
111 72 130 159 198 163 71 115 131 145 155 195 191 81 73 195 74 195 67 137 69 70 100 169 155 97 70 103 76 85 124 123 188 63 129 134 71 104 70 184 102 59 121 0 129 183 157 80 186 50
154 56 172 78 169 172 165 66 110 65 157 199 128 147 150 71 105 102 162 111 105 132 80 59 85 53 150 118 142 135 58 172 172 51 114 167 112 178 154 149 185 166 137 57 0 118 153 128 137 102
176 86 145 115 72 52 69 93 120 54 60 169 197 114 120 140 64 130 151 191 146 131 111 186 128 121 160 115 60 138 179 105 64 65 185 66 148 63 126 186 85 96 141 136 134 0 108 56 139 91
143 115 90 199 98 195 121 130 90 76 155 118 137 77 126 148 163 149 112 152 139 121 144 95 59 72 195 183 174 88 175 168 131 95 66 199 199 177 116 159 186 131 68 196 130 165 0 143 59 119
51 89 194 153 134 66 152 140 145 153 189 117 141 129 138 151 78 58 67 56 133 95 167 74 72 179 63 102 153 134 90 70 136 87 178 89 189 53 141 92 121 115 171 77 165 55 145 0 173 114
177 103 103 186 198 168 84 191 104 180 98 82 88 153 196 128 66 152 184 167 50 96 166 155 199 184 169 153 107 55 165 118 179 69 178 146 182 155 115 127 64 86 136 76 103 146 139 184 0 114
133 113 163 143 191 71 69 93 142 145 80 90 139 89 174 65 167 72 157 167 191 185 53 149 186 165 118 162 92 170 110 195 54 137 69 164 195 123 176 84 54 170 111 62 150 185 62 141 102 0
