#Link #	Contact A	Contact B	Node A	Node B	Length
1 6 1 1 17 212
2 1 6 17 1 212
3 1 1 2 1 262
4 1 1 1 2 262
5 2 1 2 9 189
6 1 2 9 2 189
7 3 1 2 12 73
8 1 3 12 2 73
9 4 1 2 16 145
10 1 4 16 2 145
11 5 2 2 17 293
12 2 5 17 2 293
13 1 2 3 1 130
14 2 1 1 3 130
15 1 3 5 1 102
16 3 1 1 5 102
17 2 2 5 3 99
18 2 2 3 5 99
19 3 1 5 4 120
20 1 3 4 5 120
21 1 4 6 1 249
22 4 1 1 6 249
23 2 3 6 3 254
24 3 2 3 6 254
25 3 3 6 17 151
26 3 3 17 6 151
27 1 1 7 8 118
28 1 1 8 7 118
29 2 2 7 9 148
30 2 2 9 7 148
31 3 2 9 10 163
32 2 3 10 9 163
33 1 2 10 8 73
34 2 1 8 10 73
35 1 3 11 10 60
36 3 1 10 11 60
37 2 2 11 12 53
38 2 2 12 11 53
39 1 5 14 1 186
40 5 1 1 14 186
41 2 2 14 4 233
42 2 2 4 14 233
43 3 1 14 13 34
44 1 3 13 14 34
45 4 2 14 16 73
46 2 4 16 14 73
47 1 2 15 13 28
48 2 1 13 15 28
49 2 3 15 16 37
50 3 2 16 15 37
51 4 4 17 9 229
52 4 4 9 17 229
