0 40 97 91 50 69 65 82 93 37 32 96 64 90 30 65 87
48 0 105 102 32 32 73 105 60 47 63 32 47 65 69 48 48
47 66 0 53 31 97 74 81 44 109 98 39 56 87 86 104 63
96 83 54 0 77 100 97 70 77 32 49 93 63 43 73 86 83
59 65 70 92 0 71 61 69 32 33 86 108 77 61 43 70 108
91 73 98 48 71 0 106 76 66 51 73 106 30 92 95 100 89
94 71 74 64 34 99 0 75 45 70 68 58 57 73 79 78 66
32 48 44 76 98 93 93 0 95 50 97 83 36 31 31 90 49
38 79 57 35 42 72 43 51 0 86 66 55 67 31 60 63 45
38 101 70 46 78 95 31 31 41 0 87 42 86 84 73 47 108
93 71 47 81 61 76 55 80 34 53 0 107 100 54 98 54 105
89 63 50 30 100 33 95 106 75 43 99 0 107 86 70 60 57
46 83 64 45 38 83 53 69 56 99 101 31 0 46 56 108 92
57 47 83 97 104 57 100 84 68 108 48 88 36 0 43 102 47
90 78 97 59 57 53 99 78 106 100 40 74 38 33 0 35 99
93 96 57 79 92 60 75 47 36 51 101 75 104 66 52 0 92
96 30 83 37 39 100 33 49 109 63 39 43 49 89 38 102 0
