0 19 44 41 23 32 30 37 42 18 15 44 30 41 15 30 40
23 0 48 46 16 15 33 47 28 22 29 16 22 30 32 23 23
22 31 0 25 15 44 34 37 21 49 45 19 26 40 39 47 29
44 38 25 0 35 45 44 32 35 16 23 42 29 21 34 39 38
28 30 32 42 0 33 28 32 16 16 39 49 35 28 20 32 49
41 33 45 23 32 0 48 35 31 24 34 48 15 42 43 46 40
43 33 34 29 16 45 0 34 21 32 31 27 27 33 36 36 31
15 23 21 35 45 42 42 0 43 23 44 38 17 15 15 41 23
18 36 27 17 20 33 20 24 0 39 30 26 31 15 28 29 21
18 46 32 22 36 43 15 15 20 0 40 20 39 38 34 22 49
42 33 22 37 28 35 26 37 17 25 0 48 45 25 45 25 47
41 29 23 15 45 16 43 48 34 21 45 0 49 39 32 28 27
22 38 30 21 18 38 25 32 26 45 46 15 0 22 26 49 42
26 22 38 44 47 27 45 39 31 49 23 40 17 0 20 46 22
41 36 44 27 26 25 45 36 48 46 19 34 18 16 0 17 45
42 43 26 36 42 28 34 22 17 24 46 34 47 31 24 0 42
43 15 38 18 19 45 16 23 49 29 19 20 23 41 18 46 0
