0 7 17 16 8 12 11 14 16 6 5 17 11 16 5 11 15
8 0 19 18 5 5 13 19 10 8 11 5 8 11 12 8 8
8 11 0 9 5 17 13 14 7 19 17 6 9 15 15 19 11
17 15 9 0 13 18 17 12 13 5 8 16 11 7 13 15 15
10 11 12 16 0 12 10 12 5 5 15 19 13 10 7 12 19
16 13 17 8 12 0 19 13 11 9 13 19 5 16 17 18 16
17 12 13 11 5 18 0 13 7 12 12 10 10 13 14 14 11
5 8 7 13 17 16 16 0 17 8 17 15 6 5 5 16 8
6 14 10 6 7 12 7 9 0 15 11 9 12 5 10 11 7
6 18 12 8 14 17 5 5 7 0 15 7 15 15 13 8 19
16 12 8 14 10 13 9 14 5 9 0 19 18 9 17 9 19
16 11 8 5 18 5 17 19 13 7 18 0 19 15 12 10 10
8 15 11 7 6 14 9 12 9 18 18 5 0 8 9 19 16
10 8 15 17 18 10 18 15 12 19 8 15 6 0 7 18 8
16 14 17 10 10 9 18 14 19 18 7 13 6 5 0 6 17
16 17 10 14 16 10 13 8 6 9 18 13 18 11 9 0 16
17 5 15 6 6 18 5 8 19 11 6 7 8 16 6 18 0
