0 12 26 25 15 19 18 23 25 11 10 26 18 25 10 18 24
14 0 28 28 10 10 20 28 17 14 18 10 14 18 19 14 14
14 19 0 15 10 26 21 22 13 29 27 12 16 24 24 28 18
26 23 16 0 21 27 26 20 21 10 14 25 18 13 20 24 23
17 18 20 25 0 20 17 19 10 10 24 29 21 17 13 20 29
25 20 27 14 20 0 29 21 19 15 20 29 10 25 26 27 24
26 20 21 18 11 27 0 21 13 20 19 17 16 20 22 22 19
10 14 13 21 27 25 25 0 26 15 26 23 11 10 10 25 14
12 22 16 11 13 20 13 15 0 24 19 16 19 10 17 18 13
12 27 20 14 22 26 10 10 12 0 24 13 24 23 20 14 29
25 20 14 22 17 21 16 22 11 15 0 29 27 16 27 16 28
24 18 15 10 27 10 26 29 21 13 27 0 29 24 20 17 16
14 23 18 13 12 23 15 19 16 27 27 10 0 14 16 29 25
16 14 23 26 28 16 27 23 19 29 14 24 11 0 13 28 14
25 22 26 17 16 15 27 22 29 27 12 21 12 10 0 11 27
25 26 16 22 25 17 21 14 11 15 27 21 28 19 15 0 25
26 10 23 11 12 27 10 14 29 18 12 13 14 24 12 28 0
