0 1 8 7 2 4 4 6 7 0 0 8 4 7 0 4 7
2 0 9 9 0 0 5 9 3 2 4 0 2 4 4 2 2
2 4 0 2 0 8 5 6 1 9 8 1 3 7 7 9 4
8 6 3 0 5 8 8 5 5 0 2 7 4 1 5 7 6
3 4 5 7 0 5 3 4 0 0 7 9 5 3 1 5 9
7 5 8 2 5 0 9 5 4 2 5 9 0 7 8 8 7
8 5 5 4 0 8 0 5 1 5 4 3 3 5 6 6 4
0 2 1 5 8 7 7 0 8 2 8 6 0 0 0 7 2
1 6 3 0 1 5 1 2 0 7 4 3 4 0 3 4 1
1 8 5 2 6 8 0 0 1 0 7 1 7 6 5 2 9
7 5 2 6 3 5 3 6 0 2 0 9 8 3 8 3 9
7 4 2 0 8 0 8 9 5 1 8 0 9 7 5 3 3
2 6 4 1 1 6 2 4 3 8 8 0 0 2 3 9 7
3 2 6 8 9 3 8 6 4 9 2 7 0 0 1 9 2
7 6 8 3 3 2 8 6 9 8 1 5 1 0 0 0 8
7 8 3 6 7 3 5 2 0 2 8 5 9 4 2 0 7
8 0 6 0 1 8 0 2 9 4 1 1 2 7 1 9 0
